els =

     3
   105
   110
   114
   122
   124
   125
   139
   141
   146
   164
   170
   174
   188
   197
   201
   202
   203
   204
   205
   206
   207
   208
   209
   210
   212
   213
   214
   215
   216
   217
   218
   220
   221
   222
   223
   224
   225
   226
   227
   228
   229
   230
   231
   232
   233
   234
   235
   236
   237
   238
   239
   241
   243
   245
   247
   248
   249
   250
   251
   252
   253
   254
   255
   256
   257
   258
   259
   260
   261
   263
   264
   265
   267
   268
   269
   270
   271
   272
   273
   275
   276
   277
   279
   280
   281
   282
   283
   284
   285
   286
   287
   288
   289
   290
   291
   292
   293
   294
   295
   297
   298
   299

